Вариант 1
8
  0 87 83 63 62 56 75 75
 87  0 67 99 65 52 52 59
 83 67  0 96 50 63 98 76
 63 99 96  0 55 96 98 83
 62 65 50 55  0 96 52 57
 56 52 63 96 96  0 86 96
 75 52 98 98 52 86  0 51
 75 59 76 83 57 96 51  0
Вариант 2
8
  0 64 75 72 55 83 88 71
 64  0 67 83 85 92 92 89
 75 67  0 70 85 96 60 78
 72 83 70  0 59 77 86 83
 55 85 85 59  0 60 97 92
 83 92 96 77 60  0 60 60
 88 92 60 86 97 60  0 79
 71 89 78 83 92 60 79  0
Вариант 3
8
  0 52 81 51 85 98 58 90
 52  0 79 61 73 81 73 94
 81 79  0 98 57 83 86 52
 51 61 98  0 63 58 95 89
 85 73 57 63  0 52 79 56
 98 81 83 58 52  0 65 90
 58 73 86 95 79 65  0 59
 90 94 52 89 56 90 59  0
Вариант 4
8
  0 95 99 51 98 66 82 53
 95  0 90 82 58 70 53 98
 99 90  0 93 70 91 77 99
 51 82 93  0 63 70 95 70
 98 58 70 63  0 86 99 71
 66 70 91 70 86  0 73 91
 82 53 77 95 99 73  0 54
 53 98 99 70 71 91 54  0
Вариант 5
8
  0 84 85 99 59 54 58 75
 84  0 53 63 85 87 90 76
 85 53  0 69 62 95 95 61
 99 63 69  0 72 63 63 68
 59 85 62 72  0 65 84 84
 54 87 95 63 65  0 98 57
 58 90 95 63 84 98  0 80
 75 76 61 68 84 57 80  0
Вариант 6
8
  0 91 59 59 75 93 95 58
 91  0 82 66 68 97 52 86
 59 82  0 63 52 70 86 82
 59 66 63  0 97 82 75 84
 75 68 52 97  0 87 96 67
 93 97 70 82 87  0 93 73
 95 52 86 75 96 93  0 63
 58 86 82 84 67 73 63  0
Вариант 7
8
  0 64 58 87 98 79 90 52
 64  0 96 89 84 65 79 66
 58 96  0 65 91 76 87 50
 87 89 65  0 92 99 72 69
 98 84 91 92  0 73 51 63
 79 65 76 99 73  0 51 92
 90 79 87 72 51 51  0 74
 52 66 50 69 63 92 74  0
Вариант 8
8
  0 96 99 62 71 79 67 57
 96  0 93 82 76 77 82 55
 99 93  0 67 61 69 81 81
 62 82 67  0 97 74 64 52
 71 76 61 97  0 51 69 68
 79 77 69 74 51  0 55 79
 67 82 81 64 69 55  0 55
 57 55 81 52 68 79 55  0
Вариант 9
8
  0 52 75 83 76 67 88 62
 52  0 82 85 92 84 70 71
 75 82  0 64 58 65 96 79
 83 85 64  0 69 94 99 82
 76 92 58 69  0 68 59 60
 67 84 65 94 68  0 86 59
 88 70 96 99 59 86  0 79
 62 71 79 82 60 59 79  0
Вариант 10
8
  0 97 84 59 76 66 76 93
 97  0 96 98 96 70 86 86
 84 96  0 89 56 55 96 51
 59 98 89  0 60 85 93 85
 76 96 56 60  0 75 91 90
 66 70 55 85 75  0 93 91
 76 86 96 93 91 93  0 93
 93 86 51 85 90 91 93  0
Вариант 11
8
  0 97 71 92 52 56 50 88
 97  0 82 76 96 55 59 72
 71 82  0 90 57 71 64 93
 92 76 90  0 99 57 57 65
 52 96 57 99  0 59 59 72
 56 55 71 57 59  0 58 81
 50 59 64 57 59 58  0 80
 88 72 93 65 72 81 80  0
Вариант 12
8
  0 98 69 88 57 67 88 81
 98  0 75 90 92 55 71 51
 69 75  0 74 75 94 51 73
 88 90 74  0 96 70 98 94
 57 92 75 96  0 69 54 89
 67 55 94 70 69  0 73 84
 88 71 51 98 54 73  0 92
 81 51 73 94 89 84 92  0
Вариант 13
8
  0 50 72 98 69 61 61 66
 50  0 50 53 64 92 61 88
 72 50  0 82 57 74 68 86
 98 53 82  0 63 78 68 53
 69 64 57 63  0 88 53 79
 61 92 74 78 88  0 74 86
 61 61 68 68 53 74  0 86
 66 88 86 53 79 86 86  0
Вариант 14
8
  0 51 55 90 57 61 52 75
 51  0 77 54 52 55 96 68
 55 77  0 98 89 78 73 91
 90 54 98  0 63 85 50 77
 57 52 89 63  0 76 63 88
 61 55 78 85 76  0 53 74
 52 96 73 50 63 53  0 81
 75 68 91 77 88 74 81  0
Вариант 15
8
  0 84 96 99 80 65 77 87
 84  0 70 99 51 82 83 61
 96 70  0 75 88 59 92 83
 99 99 75  0 84 64 58 57
 80 51 88 84  0 71 98 55
 65 82 59 64 71  0 74 97
 77 83 92 58 98 74  0 94
 87 61 83 57 55 97 94  0
Вариант 16
8
  0 89 63 83 79 93 90 83
 89  0 72 90 75 96 54 65
 63 72  0 69 52 50 91 62
 83 90 69  0 75 79 52 64
 79 75 52 75  0 66 64 65
 93 96 50 79 66  0 99 65
 90 54 91 52 64 99  0 55
 83 65 62 64 65 65 55  0
Вариант 17
8
  0 88 61 81 56 54 87 71
 88  0 77 53 73 76 65 77
 61 77  0 96 65 84 68 66
 81 53 96  0 85 59 76 74
 56 73 65 85  0 58 80 52
 54 76 84 59 58  0 95 97
 87 65 68 76 80 95  0 72
 71 77 66 74 52 97 72  0
Вариант 18
8
  0 96 70 79 65 59 54 58
 96  0 69 53 74 82 57 90
 70 69  0 80 74 63 80 67
 79 53 80  0 90 69 94 54
 65 74 74 90  0 95 81 93
 59 82 63 69 95  0 91 81
 54 57 80 94 81 91  0 98
 58 90 67 54 93 81 98  0
Вариант 19
8
  0 78 94 51 61 55 79 89
 78  0 79 72 94 64 62 51
 94 79  0 65 73 65 87 95
 51 72 65  0 93 99 65 70
 61 94 73 93  0 55 80 85
 55 64 65 99 55  0 65 60
 79 62 87 65 80 65  0 81
 89 51 95 70 85 60 81  0
Вариант 20
8
  0 83 79 72 54 50 65 95
 83  0 51 64 73 62 74 58
 79 51  0 75 79 88 69 60
 72 64 75  0 88 83 81 94
 54 73 79 88  0 69 68 96
 50 62 88 83 69  0 67 50
 65 74 69 81 68 67  0 73
 95 58 60 94 96 50 73  0
Вариант 21
8
  0 96 61 57 76 89 69 80
 96  0 96 81 55 80 65 99
 61 96  0 93 96 65 82 63
 57 81 93  0 73 94 73 69
 76 55 96 73  0 79 90 50
 89 80 65 94 79  0 62 92
 69 65 82 73 90 62  0 86
 80 99 63 69 50 92 86  0
Вариант 22
8
  0 92 87 72 75 68 62 50
 92  0 95 57 57 62 87 71
 87 95  0 65 67 60 59 68
 72 57 65  0 94 63 62 66
 75 57 67 94  0 99 83 99
 68 62 60 63 99  0 57 51
 62 87 59 62 83 57  0 78
 50 71 68 66 99 51 78  0
Вариант 23
8
  0 51 50 87 82 80 57 94
 51  0 91 77 96 58 68 50
 50 91  0 55 90 70 91 82
 87 77 55  0 60 57 77 58
 82 96 90 60  0 89 76 77
 80 58 70 57 89  0 52 91
 57 68 91 77 76 52  0 93
 94 50 82 58 77 91 93  0
Вариант 24
8
  0 88 83 91 83 56 69 69
 88  0 79 95 72 78 60 78
 83 79  0 74 72 53 61 75
 91 95 74  0 59 63 74 88
 83 72 72 59  0 84 88 67
 56 78 53 63 84  0 91 86
 69 60 61 74 88 91  0 55
 69 78 75 88 67 86 55  0
Вариант 25
8
  0 90 96 71 81 75 70 56
 90  0 66 76 55 90 73 67
 96 66  0 72 83 78 89 55
 71 76 72  0 69 62 93 65
 81 55 83 69  0 93 56 98
 75 90 78 62 93  0 69 84
 70 73 89 93 56 69  0 69
 56 67 55 65 98 84 69  0
Вариант 26
8
  0 91 87 94 51 51 92 95
 91  0 88 80 89 96 50 82
 87 88  0 73 86 50 59 82
 94 80 73  0 67 71 74 76
 51 89 86 67  0 75 50 86
 51 96 50 71 75  0 56 67
 92 50 59 74 50 56  0 88
 95 82 82 76 86 67 88  0
Вариант 27
8
  0 64 63 94 59 54 79 99
 64  0 57 66 79 61 65 70
 63 57  0 68 69 58 60 86
 94 66 68  0 92 57 63 96
 59 79 69 92  0 66 78 95
 54 61 58 57 66  0 66 93
 79 65 60 63 78 66  0 68
 99 70 86 96 95 93 68  0
Вариант 28
8
  0 58 71 56 73 87 54 76
 58  0 82 61 83 79 87 96
 71 82  0 92 51 56 88 56
 56 61 92  0 54 97 63 71
 73 83 51 54  0 91 84 73
 87 79 56 97 91  0 52 82
 54 87 88 63 84 52  0 78
 76 96 56 71 73 82 78  0
Вариант 29
8
  0 50 87 65 87 74 76 72
 50  0 93 53 99 81 74 88
 87 93  0 77 87 75 99 99
 65 53 77  0 54 89 78 87
 87 99 87 54  0 87 72 84
 74 81 75 89 87  0 80 81
 76 74 99 78 72 80  0 98
 72 88 99 87 84 81 98  0
Вариант 30
8
  0 60 84 88 91 95 60 51
 60  0 98 61 97 51 59 55
 84 98  0 57 63 87 76 80
 88 61 57  0 53 92 58 65
 91 97 63 53  0 68 82 89
 95 51 87 92 68  0 80 63
 60 59 76 58 82 80  0 82
 51 55 80 65 89 63 82  0
